3655
3662
3669
3680
3691
3695
3706
3713
3739
3739
3743
3746
3750
3750
3750
3750
3750
3750
3750
3750
3750
3750
3750
3750
3750
3750
3750
3750
3750
3750
3750
3750
3750
3757
3757
3757
3761
3761
3761
3761
3761
3761
3761
3768
3765
3765
3768
3768
3768
3768
3772
3776
3772
3776
3779
3779
3779
3779
3779
3783
3783
3787
3790
3790
3790
3790
3794
3794
3794
3798
3798
3801
3801
3801
3805
3805
3805
3812
3809
3809
3812
3812
3812
3812
3812
3816
3816
3816
3816
3816
3820
3820
3823
3823
3823
3827
3823
3827
3827
3827
3831
3831
3831
3831
3831
3834
3831
3834
3831
3834
3834
3834
3834
3838
3838
3838
3838
3838
3838
3838
3842
3838
3842
3842
3842
3842
3842
3842
3842
3842
3842
3845
3842
3845
3845
3845
3845
3845
3845
3845
3845
3845
3845
3849
3845
3849
3849
3845
3845
3845
3845
3845
3845
3845
3849
3849
3849
3849
3849
3849
3849
3849
3849
3849
3849
3849
3849
3853
3853
3853
3853
3853
3853
3853
3853
3856
3853
3856
3856
3856
3856
3856
3856
3860
3860
3860
3860
3860
3860
3864
3864
3864
3864
3860
3864
3864
3864
3864
3864
3867
3867
3867
3871
3871
3871
3871
3871
3871
3871
3875
3875
3875
3875
3875
3878
3875
3875
3878
3878
3878
3878
3882
3882
3882
3882
3885
3882
3882
3885
3882
3889
3889
3889
3889
3893
3893
3889
3893
3896
3896
3896
3896
3896
3900
3900
3900
3904
3904
3904
3907
3907
3907
3907
3911
3911
3915
3915
3915
3918
3918
3918
3922
3922
3922
3929
3926
3937
3929
3929
3933
3933
3933
3937
3940
3940
3944
3944
3940
3944
3948
3948
3948
3948
3951
3951
3951
3955
3955
3959
3959
3959
3959
3959
3962
3962
3962
3966
3966
3966
3966
3966
3970
3973
3973
3970
3970
3973
3977
3977
3977
3977
3981
3981
