3842
3845
3779
3776
3772
3772
3772
3768
3768
3768
3768
3768
3765
3765
3765
3765
3765
3765
3761
3761
3761
3761
3757
3761
3757
3750
3761
3761
3754
3757
3754
3757
3750
3750
3757
3750
3750
3750
3750
3750
3750
3750
3750
3750
3750
3750
3750
3750
3750
3750
3750
3750
3750
3750
3750
3750
3750
3750
3750
3750
3750
3750
3750
3750
3746
3746
3750
3750
3750
3746
3746
3746
3746
3746
3746
3746
3746
3746
3746
3746
3743
3746
3743
3743
3743
3743
3743
3743
3743
3743
3743
3743
3743
3739
3743
3743
3739
3739
3739
3739
3739
3739
3739
3739
3739
3735
3739
3717
3735
3717
3717
3713
3717
3713
3713
3713
3710
3713
3710
3710
3710
3710
3706
3706
3706
3706
3702
3702
3702
3702
3702
3699
3699
3695
3695
3695
3695
3695
3691
3691
3691
3691
3688
3688
3688
3688
3684
3684
3684
3680
3680
3680
3680
3677
3677
3673
3677
3669
3673
3673
3669
3666
3669
3669
3669
3666
3666
3669
3666
3666
3669
3666
3666
3666
3662
3666
3662
3662
3662
3662
3666
3662
3662
3662
3662
3658
3658
3662
3655
3658
3658
3655
3655
3655
3651
3651
3644
3644
3636
3629
3625
3615
3611
3604
3593
3589
3578
3571
3560
3549
3541
3527
3516
3508
3494
3483
3468
3453
3435
3420
3406
3384
3362
3340
3318
3292
3263
3230
3197
3149
3087
3003
2893
2780
